         qop0 = -0.000351699
         p0  = 2843.34
         q   = -1
       HelixEquation::load_vector(). x = (1838.324061, -2366.088680, 4813.000000, -0.043989, -0.036342, 0.998371, -0.000352)
       HelixEquation::compute_parameters()
         B    	(-0.000622, -0.000470, 0.000000)
         Bmod 	0.000779366
         r0   	(1794.670177, -2375.391649, 5520.876129)
         u0   	(-0.079078, 0.010102, 0.996817)
         n0   	(-0.601878, 0.796635, -0.055820)
         m0   	(-0.033650, 0.044538, 0.998441)
         qop0  	-0.000351699
         p    	2843.34
         charge	-1
         QQ   	8.22308e-05
         RR   	12141.1
         gamma	0.0570052
         alpha	0.998374
         at length : -709.382
         theta	-0.058333
         costheta	0.998299
         sintheta	-0.0583
         r    	(1838.324061, -2366.088680, 4813.000000)
         u    	(-0.043989, -0.036342, 0.998371)
         N    	(-0.601836, 0.796579, 0.002480)
         state : >> 
         vector 	(1838.324061, -2366.088680, 4813.000000, -0.043989, -0.036342, 0.998371, -0.000352)
         par    	4813
, length -709.382, r = (1838.324061, -2366.088680, 4813.000000)
       ----> Propagating sense = -1
       ---> closest_surface: ok = 1, length = -709.382
         name = temp, position = (1830.000000, -2370.000000, 4813.000000)
    -------------------------------------
  Navigator::step_next(). Step too long: l = -709.382
    next length, l = -50
  StepNavigator::step(). 
  StepNavigator::step_propagation(). 
  Propagator::propagate(). Via 'length'. l = -50
    initial state = 
---------- State (begin) -----------

  name: particle/helix
  names: 
   representation = default
   fit_representation = slopes_curv:z
  parameter: -50

  hv:    rep = 
      1794.67
     -2375.39
      5520.88
   -0.0790781
    0.0101017
     0.996817
 -0.000351699

      234.634      -2.53503       22.5397     -0.469465     0.0206597    -0.0374523   0.000290114 
     -2.53503       237.471      -7.26588      0.019787     -0.482746    0.00646186  -0.000380728 
      22.5397      -7.26588       2.46442    -0.0444065     0.0143578    -0.0036683   1.49358e-05 
    -0.469465      0.019787    -0.0444065    0.00118607  -0.000114285   9.52501e-05  -1.47379e-06 
    0.0206597     -0.482746     0.0143578  -0.000114285     0.0012542  -2.17763e-05   1.95939e-06 
   -0.0374523    0.00646186    -0.0036683   9.52501e-05  -2.17763e-05   7.77693e-06  -1.36773e-07 
  0.000290114  -0.000380728   1.49358e-05  -1.47379e-06   1.95939e-06  -1.36773e-07   2.41077e-08 

  hv map: 
   predicted =    rep = slopes_curv:z
         1730
        -2350
         6217
            0
            0
 -0.000205542

         1500             0             0             0             0             0 
            0          1500             0             0             0             0 
            0             0         1e-38             0             0             0 
            0             0             0           1.5             0             0 
            0             0             0             0           1.5             0 
            0             0             0             0             0    1.6899e-07 

   filtered =    rep = slopes_curv:z
         1730
        -2350
         6217
            0
            0
 -0.000205542

       21.009             0             0             0             0             0 
            0        21.009             0             0             0             0 
            0             0         1e-38             0             0             0 
            0             0             0           1.5             0             0 
            0             0             0             0           1.5             0 
            0             0             0             0             0    1.6899e-07 

   smoothed =    rep = slopes_curv:z
      1726.44
     -2351.09
         6217
    -0.117992
    0.0615677
  -0.00042673

      5.22892     -0.396761             0     0.0187618   -0.00420461   8.31951e-05 
    -0.396761       5.44951             0   -0.00420475     0.0212453  -0.000112163 
            0             0         1e-38             0             0             0 
    0.0187618   -0.00420475             0   0.000144084   -4.5509e-05   9.01085e-07 
  -0.00420461     0.0212453             0   -4.5509e-05   0.000171166  -1.21474e-06 
  8.31951e-05  -0.000112163             0   9.01085e-07  -1.21474e-06   2.41077e-08 


---------- State (end) -----------

       HelixEquation::read_vector()
         x0  = (1794.670177, -2375.391649, 5520.876129, -0.079078, 0.010102, 0.996817, -0.000352)
         r0  = (1794.670177, -2375.391649, 5520.876129)
         u0  = (-0.079078, 0.010102, 0.996817)
         qop0 = -0.000351699
         p0  = 2843.34
         q   = -1
       HelixEquation::load_vector(). x = (1798.562313, -2375.814977, 5471.029679, -0.076607, 0.006831, 0.997038, -0.000352)
       HelixEquation::compute_parameters()
         B    	(-0.000622, -0.000470, 0.000000)
         Bmod 	0.000779366
         r0   	(1794.670177, -2375.391649, 5520.876129)
         u0   	(-0.079078, 0.010102, 0.996817)
         n0   	(-0.601878, 0.796635, -0.055820)
         m0   	(-0.033650, 0.044538, 0.998441)
         qop0  	-0.000351699
         p    	2843.34
         charge	-1
         QQ   	8.22308e-05
         RR   	12141.1
         gamma	0.0570052
         alpha	0.998374
         at length : -50
         theta	-0.00411154
         costheta	0.999992
         sintheta	-0.00411153
         r    	(1798.562313, -2375.814977, 5471.029679)
         u    	(-0.076607, 0.006831, 0.997038)
         N    	(-0.601033, 0.795515, -0.051631)
         state : >> 
         vector 	(1798.562313, -2375.814977, 5471.029679, -0.076607, 0.006831, 0.997038, -0.000352)
         par    	5471.03
       HelixEquation::read_vector()
         x0  = (1794.670177, -2375.391649, 5520.876129, -0.079078, 0.010102, 0.996817, -0.000352)
         r0  = (1794.670177, -2375.391649, 5520.876129)
         u0  = (-0.079078, 0.010102, 0.996817)
         qop0 = -0.000351699
         p0  = 2843.34
         q   = -1
       HelixEquation::load_vector(). x = (1798.562313, -2375.814977, 5471.029679, -0.076607, 0.006831, 0.997038, -0.000352)
       HelixEquation::compute_parameters()
         B    	(-0.000622, -0.000470, 0.000000)
         Bmod 	0.000779366
         r0   	(1794.670177, -2375.391649, 5520.876129)
         u0   	(-0.079078, 0.010102, 0.996817)
         n0   	(-0.601878, 0.796635, -0.055820)
         m0   	(-0.033650, 0.044538, 0.998441)
         qop0  	-0.000351699
         p    	2843.34
         charge	-1
         QQ   	8.22308e-05
         RR   	12141.1
         gamma	0.0570052
         alpha	0.998374
         at length : -50
         theta	-0.00411154
         costheta	0.999992
         sintheta	-0.00411153
         r    	(1798.562313, -2375.814977, 5471.029679)
         u    	(-0.076607, 0.006831, 0.997038)
         N    	(-0.601033, 0.795515, -0.051631)
         state : >> 
         vector 	(1798.562313, -2375.814977, 5471.029679, -0.076607, 0.006831, 0.997038, -0.000352)
         par    	5471.03
       HelixPropagator::F1Matrix()
         F1 	
            1             0             0      -49.9999  -6.77564e-05    -0.0619627       175.646 
            0             1             0  -6.77564e-05      -49.9999     0.0820126      -232.482 
            0             0             1     0.0619627    -0.0820126      -49.9999       15.4891 
            0             0             0      0.999997   4.06538e-06     0.0024785      -7.02636 
            0             0             0   4.06538e-06      0.999995    -0.0032805       9.29996 
            0             0             0    -0.0024785     0.0032805      0.999992     -0.603589 
            0             0             0             0             0             0             1 

         dr_du0 	
     -49.9999  -6.77564e-05    -0.0619627 
 -6.77564e-05      -49.9999     0.0820126 
    0.0619627    -0.0820126      -49.9999 

         du_du0 	
     0.999997   4.06538e-06     0.0024785 
  4.06538e-06      0.999995    -0.0032805 
   -0.0024785     0.0032805      0.999992 

         dr_dqop0 	
      175.646 
     -232.482 
      15.4891 

         du_dqop0 	
     -7.02636 
      9.29996 
    -0.603589 

    LengthPropagator::transport_matrix(). F matrix  = 

            1             0             0      -49.9999  -6.77564e-05    -0.0619627       175.646 
            0             1             0  -6.77564e-05      -49.9999     0.0820126      -232.482 
            0             0             1     0.0619627    -0.0820126      -49.9999       15.4891 
            0             0             0      0.999997   4.06538e-06     0.0024785      -7.02636 
            0             0             0   4.06538e-06      0.999995    -0.0032805       9.29996 
            0             0             0    -0.0024785     0.0032805      0.999992     -0.603589 
            0             0             0             0             0             0             1 

       HelixEquation::read_vector()
         x0  = (1794.670177, -2375.391649, 5520.876129, -0.079078, 0.010102, 0.996817, -0.000352)
         r0  = (1794.670177, -2375.391649, 5520.876129)
         u0  = (-0.079078, 0.010102, 0.996817)
         qop0 = -0.000351699
         p0  = 2843.34
         q   = -1
  --------------------------------
  HelixMsNoiser::QMatrix  computing ms :  X0 = 19.7522, length = -50, p = 2843.34, run = 2
  Qx matrix: 
     0.143891   9.71307e-05     0.0112345   -0.00287809  -1.57601e-06  -0.000221127             0 
  9.71307e-05   6.55663e-08   7.58365e-06   -1.9428e-06  -1.06386e-09  -1.49267e-07             0 
    0.0112345   7.58365e-06   0.000877153  -0.000224712   -1.2305e-07  -1.72648e-05             0 
  -0.00287809   -1.9428e-06  -0.000224712   5.75673e-05   3.15233e-08   4.42296e-06             0 
 -1.57601e-06  -1.06386e-09   -1.2305e-07   3.15233e-08   1.72619e-11   2.42197e-09             0 
 -0.000221127  -1.49267e-07  -1.72648e-05   4.42296e-06   2.42197e-09   3.39821e-07             0 
            0             0             0             0             0             0             0 

  Qy matrix: 
  8.92811e-08   0.000113334   -9.5554e-07  -1.76347e-09  -2.26671e-06   1.53951e-08             0 
  0.000113334      0.143867   -0.00121297  -2.23856e-06   -0.00287737   1.95426e-05             0 
  -9.5554e-07   -0.00121297   1.02268e-05   1.88738e-08   2.42597e-05  -1.64767e-07             0 
 -1.76347e-09  -2.23856e-06   1.88738e-08    3.4832e-11   4.47719e-08  -3.04082e-10             0 
 -2.26671e-06   -0.00287737   2.42597e-05   4.47719e-08   5.75482e-05  -3.90857e-07             0 
  1.53951e-08   1.95426e-05  -1.64767e-07  -3.04082e-10  -3.90857e-07   2.65463e-09             0 
            0             0             0             0             0             0             0 

  Q  matrix: 
     0.143891   0.000210465     0.0112335   -0.00287809  -3.84272e-06  -0.000221111             0 
  0.000210465      0.143867   -0.00120539  -4.18137e-06   -0.00287738   1.93933e-05             0 
    0.0112335   -0.00120539    0.00088738  -0.000224693   2.41366e-05  -1.74296e-05             0 
  -0.00287809  -4.18137e-06  -0.000224693   5.75674e-05   7.62952e-08   4.42265e-06             0 
 -3.84272e-06   -0.00287738   2.41366e-05   7.62952e-08   5.75482e-05  -3.88435e-07             0 
 -0.000221111   1.93933e-05  -1.74296e-05   4.42265e-06  -3.88435e-07   3.42475e-07             0 
            0             0             0             0             0             0             0 

  --------------------------------
    initial cov
      234.634      -2.53503       22.5397     -0.469465     0.0206597    -0.0374523   0.000290114 
     -2.53503       237.471      -7.26588      0.019787     -0.482746    0.00646186  -0.000380728 
      22.5397      -7.26588       2.46442    -0.0444065     0.0143578    -0.0036683   1.49358e-05 
    -0.469465      0.019787    -0.0444065    0.00118607  -0.000114285   9.52501e-05  -1.47379e-06 
    0.0206597     -0.482746     0.0143578  -0.000114285     0.0012542  -2.17763e-05   1.95939e-06 
   -0.0374523    0.00646186    -0.0036683   9.52501e-05  -2.17763e-05   7.77693e-06  -1.36773e-07 
  0.000290114  -0.000380728   1.49358e-05  -1.47379e-06   1.95939e-06  -1.36773e-07   2.41077e-08 

    propagated cov
      284.823      -5.01636       26.8568       -0.5346     0.0302746    -0.0412833   0.000368046 
     -5.01636        289.25      -8.32902     0.0292669     -0.553317    0.00603981  -0.000484313 
      26.8568      -8.32902       2.84363    -0.0494973     0.0156078   -0.00391005   2.18958e-05 
      -0.5346     0.0292669    -0.0494973    0.00126601   -0.00014362   9.82577e-05   -1.6435e-06 
    0.0302746     -0.553317     0.0156078   -0.00014362    0.00135041  -2.02874e-05   2.18402e-06 
   -0.0412833    0.00603981   -0.00391005   9.82577e-05  -2.02874e-05   7.68861e-06  -1.41242e-07 
  0.000368046  -0.000484313   2.18958e-05   -1.6435e-06   2.18402e-06  -1.41242e-07   2.41077e-08 

    propagated cov (validated)
      284.823      -5.01636       26.8568       -0.5346     0.0302746    -0.0412833   0.000368046 
     -5.01636        289.25      -8.32902     0.0292669     -0.553317    0.00603981  -0.000484313 
      26.8568      -8.32902       2.84363    -0.0494973     0.0156078   -0.00391005   2.18958e-05 
      -0.5346     0.0292669    -0.0494973    0.00126601   -0.00014362   9.82577e-05   -1.6435e-06 
    0.0302746     -0.553317     0.0156078   -0.00014362    0.00135041  -2.02874e-05   2.18402e-06 
   -0.0412833    0.00603981   -0.00391005   9.82577e-05  -2.02874e-05   7.68861e-06  -1.41242e-07 
  0.000368046  -0.000484313   2.18958e-05   -1.6435e-06   2.18402e-06  -1.41242e-07   2.41077e-08 

    ParticleElossCorrection::correct_state().       PID =   l = -50, p0 = 2843.34, p  = 2879.04, de_dx = -0.71359, dp_dx = -0.714082, dp = 35.7041
    propagated state = 
---------- State (begin) -----------

  name: particle/helix
  names: 
   representation = default
   fit_representation = slopes_curv:z
  parameter: -50

  hv:    rep = 
      1798.56
     -2375.81
      5471.03
   -0.0766072
   0.00683129
     0.997038
 -0.000347338

      284.823      -5.01636       26.8568       -0.5346     0.0302746    -0.0412833   0.000368046 
     -5.01636        289.25      -8.32902     0.0292669     -0.553317    0.00603981  -0.000484313 
      26.8568      -8.32902       2.84363    -0.0494973     0.0156078   -0.00391005   2.18958e-05 
      -0.5346     0.0292669    -0.0494973    0.00126601   -0.00014362   9.82577e-05   -1.6435e-06 
    0.0302746     -0.553317     0.0156078   -0.00014362    0.00135041  -2.02874e-05   2.18402e-06 
   -0.0412833    0.00603981   -0.00391005   9.82577e-05  -2.02874e-05   7.68861e-06  -1.41242e-07 
  0.000368046  -0.000484313   2.18958e-05   -1.6435e-06   2.18402e-06  -1.41242e-07   2.41077e-08 

  hv map: 
   predicted =    rep = slopes_curv:z
         1730
        -2350
         6217
            0
            0
 -0.000205542

         1500             0             0             0             0             0 
            0          1500             0             0             0             0 
            0             0         1e-38             0             0             0 
            0             0             0           1.5             0             0 
            0             0             0             0           1.5             0 
            0             0             0             0             0    1.6899e-07 

   filtered =    rep = slopes_curv:z
         1730
        -2350
         6217
            0
            0
 -0.000205542

       21.009             0             0             0             0             0 
            0        21.009             0             0             0             0 
            0             0         1e-38             0             0             0 
            0             0             0           1.5             0             0 
            0             0             0             0           1.5             0 
            0             0             0             0             0    1.6899e-07 

   smoothed =    rep = slopes_curv:z
      1726.44
     -2351.09
         6217
    -0.117992
    0.0615677
  -0.00042673

      5.22892     -0.396761             0     0.0187618   -0.00420461   8.31951e-05 
    -0.396761       5.44951             0   -0.00420475     0.0212453  -0.000112163 
            0             0         1e-38             0             0             0 
    0.0187618   -0.00420475             0   0.000144084   -4.5509e-05   9.01085e-07 
  -0.00420461     0.0212453             0   -4.5509e-05   0.000171166  -1.21474e-06 
  8.31951e-05  -0.000112163             0   9.01085e-07  -1.21474e-06   2.41077e-08 


---------- State (end) -----------

  StepNavigator::step_propagation().  F matrix increment:
            1             0             0      -49.9999  -6.77564e-05    -0.0619627       175.646 
            0             1             0  -6.77564e-05      -49.9999     0.0820126      -232.482 
            0             0             1     0.0619627    -0.0820126      -49.9999       15.4891 
            0             0             0      0.999997   4.06538e-06     0.0024785      -7.02636 
            0             0             0   4.06538e-06      0.999995    -0.0032805       9.29996 
            0             0             0    -0.0024785     0.0032805      0.999992     -0.603589 
            0             0             0             0             0             0             1 
 F matrix total:
            1             0             0      -749.784     -0.291669      -15.6901       39048.9 
            0             1             0     -0.289477      -749.608       21.1771      -52684.9 
            0             0             1       15.6901       -21.177      -749.393       4775.74 
            0             0             0      0.999177    0.00111076     0.0405435      -104.573 
            0             0             0    0.00109958      0.998516     -0.054455       140.377 
            0             0             0    -0.0405438     0.0544548      0.997693      -8.99661 
            0             0             0             0             0             0             1 

 length increment: -50 lengh total: -750
    propagation ok. param = -50
  Navigator::step_end(). inspection in volume 
    MasterInspector::inspect(length). volume Detector
     - inspector BField --> active = 0
     - inspector BFieldMap --> active = 1
     - inspector ms --> active = 1
     - inspector eloss --> active = 0
     - inspector elossMap --> active = 1
     - inspector Nel --> active = 0
     - inspector StepSize --> active = 1
       Step size = 50
  ---> max step size = 50
  Navigator::step_end(). inspection in surface 
  Navigator::step_end(). relocating in surface 
  Navigator::step_end(). going to volume Detector
  StepNavigator::stepper_end(). status = 0
  Navigator::step(). 15
  ---------- step 15 -------------------------------
  Navigator::step_begin().     current volume = Detector
       HelixEquation::read_vector()
         x0  = (1798.562313, -2375.814977, 5471.029679, -0.076607, 0.006831, 0.997038, -0.000347)
         r0  = (1798.562313, -2375.814977, 5471.029679)
         u0  = (-0.076607, 0.006831, 0.997038)
         qop0 = -0.000347338
         p0  = 2879.04
         q   = -1
    current position = (1798.562313, -2375.814977, 5471.029679)
  Navigator::step_begin(). inspection in volume 
    MasterInspector::inspect(). volume Detector
     - inspector BField --> active = 0
     - inspector BFieldMap --> active = 1
       HelixEquation::read_vector()
         x0  = (1798.562313, -2375.814977, 5471.029679, -0.076607, 0.006831, 0.997038, -0.000347)
         r0  = (1798.562313, -2375.814977, 5471.029679)
         u0  = (-0.076607, 0.006831, 0.997038)
         qop0 = -0.000347338
         p0  = 2879.04
         q   = -1
       BFieldMapInspector::inspect(). volume = Detector, r = (1798.562313, -2375.814977, 5471.029679), B = (-0.000621, -0.000470, 0.000000)
     - inspector ms --> active = 1
       MsInspector::inspect(). volume = Detector, X0 = 19.7522
     - inspector eloss --> active = 0
     - inspector elossMap --> active = 1
     - inspector Nel --> active = 0
     - inspector StepSize --> active = 1
       Step size = 50
  ---> max step size = 50
  Navigator::step_begin(). inspection in surface 
  Navigator::step_begin(). max step size = 50
  Navigator::step_next(). 
    Navigator::next_surface(). # of active surfaces = 0. 
    -------------------------------------
    ClosestSurfaceLogic::next_surface(). Via surface 
     - FINAL surface TRIAL:  type 'plane', shape 'ring', name 'temp'
       HelixEquation::read_vector()
         x0  = (1798.562313, -2375.814977, 5471.029679, -0.076607, 0.006831, 0.997038, -0.000347)
         r0  = (1798.562313, -2375.814977, 5471.029679)
         u0  = (-0.076607, 0.006831, 0.997038)
         qop0 = -0.000347338
         p0  = 2879.04
         q   = -1
       HelixEquation::load_vector(). x = (1798.562313, -2375.814977, 5471.029679, -0.076607, 0.006831, 0.997038, -0.000347)
       HelixEquation::compute_parameters()
         B    	(-0.000621, -0.000470, 0.000000)
         Bmod 	0.000779272
         r0   	(1798.562313, -2375.814977, 5471.029679)
         u0   	(-0.076607, 0.006831, 0.997038)
         n0   	(-0.602772, 0.796233, -0.051769)
         m0   	(-0.031247, 0.041276, 0.998659)
         qop0  	-0.000347338
         p    	2879.04
         charge	-1
         QQ   	8.12012e-05
         RR   	12295.1
         gamma	0.0569558
         alpha	0.998377
         at length : 0
         theta	0
         costheta	1
         sintheta	0
         r    	(1798.562313, -2375.814977, 5471.029679)
         u    	(-0.076607, 0.006831, 0.997038)
         N    	(-0.601793, 0.794940, -0.051685)
         state : >> 
         vector 	(1798.562313, -2375.814977, 5471.029679, -0.076607, 0.006831, 0.997038, -0.000347)
         par    	5471.03
       Helix_PlaneIntersector::length(). dot(b,n) = 0
       Helix_PlaneIntersector::caseBPerpendicular()
         length          = -659.385
         cos(theta0)     = 0.0517693
         cos(theta)      = -0.00175037
         sin(theta0)     = 0.998659
         sin(theta)      = 0.999825
         sin(theta0)'    = 0.998659
         sin(theta)'     = 0.999998
         theta0          = 1.519
         theta           = 1.57255
         theta-theta0    = 0.0535428
         dot(np,rp-r0)/R = -0.0535197
         dot(np_p,rp-r0)/R = 0.00116623
         np              = (0.000000, 0.000000, 1.000000)
         np_perp         = (0.603581, -0.797302, 0.000000)
         rp              = (1830.000000, -2370.000000, 4813.000000)
         r0              = (1798.562313, -2375.814977, 5471.029679)
         u0              = (-0.076607, 0.006831, 0.997038)
         n0              = (-0.602772, 0.796233, -0.051769)
         m0              = (-0.031247, 0.041276, 0.998659)
         R               = 12295.1
         Q               = 8.12012e-05
         charge          = -1
         ds_dS           = 
            0             0       1.00163 

       Helix_PlaneIntersector::length(). Intersection OK. length = -659.385
       HelixEquation::read_vector()
         x0  = (1798.562313, -2375.814977, 5471.029679, -0.076607, 0.006831, 0.997038, -0.000347)
         r0  = (1798.562313, -2375.814977, 5471.029679)
         u0  = (-0.076607, 0.006831, 0.997038)
         qop0 = -0.000347338
         p0  = 2879.04
         q   = -1
       HelixEquation::load_vector(). x = (1838.445405, -2366.276991, 4813.000000, -0.044356, -0.035771, 0.998375, -0.000347)
       HelixEquation::compute_parameters()
         B    	(-0.000621, -0.000470, 0.000000)
         Bmod 	0.000779272
         r0   	(1798.562313, -2375.814977, 5471.029679)
         u0   	(-0.076607, 0.006831, 0.997038)
         n0   	(-0.602772, 0.796233, -0.051769)
         m0   	(-0.031247, 0.041276, 0.998659)
         qop0  	-0.000347338
         p    	2879.04
         charge	-1
         QQ   	8.12012e-05
         RR   	12295.1
         gamma	0.0569558
         alpha	0.998377
         at length : -659.385
         theta	-0.0535428
         costheta	0.998567
         sintheta	-0.0535173
         r    	(1838.445405, -2366.276991, 4813.000000)
         u    	(-0.044356, -0.035771, 0.998375)
         N    	(-0.602600, 0.796006, 0.001748)
         state : >> 
         vector 	(1838.445405, -2366.276991, 4813.000000, -0.044356, -0.035771, 0.998375, -0.000347)
         par    	4813
       Helix_PlaneIntersector::length(): extrapolated pos = (1838.445405, -2366.276991, 4813.000000)
       Surface::is_inside(). ok = 1 distance = 9.09495e-13, tolerance = 0.1
     - FINAL surface:  type 'plane', shape 'ring', name 'temp'       HelixEquation::read_vector()
         x0  = (1798.562313, -2375.814977, 5471.029679, -0.076607, 0.006831, 0.997038, -0.000347)
         r0  = (1798.562313, -2375.814977, 5471.029679)
         u0  = (-0.076607, 0.006831, 0.997038)
         qop0 = -0.000347338
         p0  = 2879.04
         q   = -1
       HelixEquation::load_vector(). x = (1838.445405, -2366.276991, 4813.000000, -0.044356, -0.035771, 0.998375, -0.000347)
       HelixEquation::compute_parameters()
         B    	(-0.000621, -0.000470, 0.000000)
         Bmod 	0.000779272
         r0   	(1798.562313, -2375.814977, 5471.029679)
         u0   	(-0.076607, 0.006831, 0.997038)
         n0   	(-0.602772, 0.796233, -0.051769)
         m0   	(-0.031247, 0.041276, 0.998659)
         qop0  	-0.000347338
         p    	2879.04
         charge	-1
         QQ   	8.12012e-05
         RR   	12295.1
         gamma	0.0569558
         alpha	0.998377
         at length : -659.385
         theta	-0.0535428
         costheta	0.998567
         sintheta	-0.0535173
         r    	(1838.445405, -2366.276991, 4813.000000)
         u    	(-0.044356, -0.035771, 0.998375)
         N    	(-0.602600, 0.796006, 0.001748)
         state : >> 
         vector 	(1838.445405, -2366.276991, 4813.000000, -0.044356, -0.035771, 0.998375, -0.000347)
         par    	4813
, length -659.385, r = (1838.445405, -2366.276991, 4813.000000)
       ----> Propagating sense = -1
       ---> closest_surface: ok = 1, length = -659.385
         name = temp, position = (1830.000000, -2370.000000, 4813.000000)
    -------------------------------------
  Navigator::step_next(). Step too long: l = -659.385
    next length, l = -50
  StepNavigator::step(). 
  StepNavigator::step_propagation(). 
  Propagator::propagate(). Via 'length'. l = -50
    initial state = 
---------- State (begin) -----------

  name: particle/helix
  names: 
   representation = default
   fit_representation = slopes_curv:z
  parameter: -50

  hv:    rep = 
      1798.56
     -2375.81
      5471.03
   -0.0766072
   0.00683129
     0.997038
 -0.000347338

      284.823      -5.01636       26.8568       -0.5346     0.0302746    -0.0412833   0.000368046 
     -5.01636        289.25      -8.32902     0.0292669     -0.553317    0.00603981  -0.000484313 
      26.8568      -8.32902       2.84363    -0.0494973     0.0156078   -0.00391005   2.18958e-05 
      -0.5346     0.0292669    -0.0494973    0.00126601   -0.00014362   9.82577e-05   -1.6435e-06 
    0.0302746     -0.553317     0.0156078   -0.00014362    0.00135041  -2.02874e-05   2.18402e-06 
   -0.0412833    0.00603981   -0.00391005   9.82577e-05  -2.02874e-05   7.68861e-06  -1.41242e-07 
  0.000368046  -0.000484313   2.18958e-05   -1.6435e-06   2.18402e-06  -1.41242e-07   2.41077e-08 

  hv map: 
   predicted =    rep = slopes_curv:z
         1730
        -2350
         6217
            0
            0
 -0.000205542

         1500             0             0             0             0             0 
            0          1500             0             0             0             0 
            0             0         1e-38             0             0             0 
            0             0             0           1.5             0             0 
            0             0             0             0           1.5             0 
            0             0             0             0             0    1.6899e-07 

   filtered =    rep = slopes_curv:z
         1730
        -2350
         6217
            0
            0
 -0.000205542

       21.009             0             0             0             0             0 
            0        21.009             0             0             0             0 
            0             0         1e-38             0             0             0 
            0             0             0           1.5             0             0 
            0             0             0             0           1.5             0 
            0             0             0             0             0    1.6899e-07 

   smoothed =    rep = slopes_curv:z
      1726.44
     -2351.09
         6217
    -0.117992
    0.0615677
  -0.00042673

      5.22892     -0.396761             0     0.0187618   -0.00420461   8.31951e-05 
    -0.396761       5.44951             0   -0.00420475     0.0212453  -0.000112163 
            0             0         1e-38             0             0             0 
    0.0187618   -0.00420475             0   0.000144084   -4.5509e-05   9.01085e-07 
  -0.00420461     0.0212453             0   -4.5509e-05   0.000171166  -1.21474e-06 
  8.31951e-05  -0.000112163             0   9.01085e-07  -1.21474e-06   2.41077e-08 


---------- State (end) -----------

       HelixEquation::read_vector()
         x0  = (1798.562313, -2375.814977, 5471.029679, -0.076607, 0.006831, 0.997038, -0.000347)
         r0  = (1798.562313, -2375.814977, 5471.029679)
         u0  = (-0.076607, 0.006831, 0.997038)
         qop0 = -0.000347338
         p0  = 2879.04
         q   = -1
       HelixEquation::load_vector(). x = (1802.331587, -2376.075849, 5421.172673, -0.074164, 0.003603, 0.997240, -0.000347)
       HelixEquation::compute_parameters()
         B    	(-0.000621, -0.000470, 0.000000)
         Bmod 	0.000779272
         r0   	(1798.562313, -2375.814977, 5471.029679)
         u0   	(-0.076607, 0.006831, 0.997038)
         n0   	(-0.602772, 0.796233, -0.051769)
         m0   	(-0.031247, 0.041276, 0.998659)
         qop0  	-0.000347338
         p    	2879.04
         charge	-1
         QQ   	8.12012e-05
         RR   	12295.1
         gamma	0.0569558
         alpha	0.998377
         at length : -50
         theta	-0.00406006
         costheta	0.999992
         sintheta	-0.00406005
         r    	(1802.331587, -2376.075849, 5421.172673)
         u    	(-0.074164, 0.003603, 0.997240)
         N    	(-0.601915, 0.795101, -0.047637)
         state : >> 
         vector 	(1802.331587, -2376.075849, 5421.172673, -0.074164, 0.003603, 0.997240, -0.000347)
         par    	5421.17
       HelixEquation::read_vector()
         x0  = (1798.562313, -2375.814977, 5471.029679, -0.076607, 0.006831, 0.997038, -0.000347)
         r0  = (1798.562313, -2375.814977, 5471.029679)
         u0  = (-0.076607, 0.006831, 0.997038)
         qop0 = -0.000347338
         p0  = 2879.04
         q   = -1
       HelixEquation::load_vector(). x = (1802.331587, -2376.075849, 5421.172673, -0.074164, 0.003603, 0.997240, -0.000347)
       HelixEquation::compute_parameters()
         B    	(-0.000621, -0.000470, 0.000000)
         Bmod 	0.000779272
         r0   	(1798.562313, -2375.814977, 5471.029679)
         u0   	(-0.076607, 0.006831, 0.997038)
         n0   	(-0.602772, 0.796233, -0.051769)
         m0   	(-0.031247, 0.041276, 0.998659)
         qop0  	-0.000347338
         p    	2879.04
         charge	-1
         QQ   	8.12012e-05
         RR   	12295.1
         gamma	0.0569558
         alpha	0.998377
         at length : -50
         theta	-0.00406006
         costheta	0.999992
         sintheta	-0.00406005
         r    	(1802.331587, -2376.075849, 5421.172673)
         u    	(-0.074164, 0.003603, 0.997240)
         N    	(-0.601915, 0.795101, -0.047637)
         state : >> 
         vector 	(1802.331587, -2376.075849, 5421.172673, -0.074164, 0.003603, 0.997240, -0.000347)
         par    	5421.17
       HelixPropagator::F1Matrix()
         F1 	
            1             0             0      -49.9999  -6.61061e-05    -0.0612643       175.884 
            0             1             0  -6.61061e-05      -49.9999     0.0809272      -232.335 
            0             0             1     0.0612643    -0.0809272      -49.9999       14.3151 
            0             0             0      0.999997   3.96636e-06    0.00245057      -7.03583 
            0             0             0   3.96636e-06      0.999995   -0.00323708         9.294 
            0             0             0   -0.00245057    0.00323708      0.999992     -0.556831 
            0             0             0             0             0             0             1 

         dr_du0 	
     -49.9999  -6.61061e-05    -0.0612643 
 -6.61061e-05      -49.9999     0.0809272 
    0.0612643    -0.0809272      -49.9999 

         du_du0 	
     0.999997   3.96636e-06    0.00245057 
  3.96636e-06      0.999995   -0.00323708 
  -0.00245057    0.00323708      0.999992 

         dr_dqop0 	
      175.884 
     -232.335 
      14.3151 

         du_dqop0 	
     -7.03583 
        9.294 
    -0.556831 

    LengthPropagator::transport_matrix(). F matrix  = 

            1             0             0      -49.9999  -6.61061e-05    -0.0612643       175.884 
            0             1             0  -6.61061e-05      -49.9999     0.0809272      -232.335 
            0             0             1     0.0612643    -0.0809272      -49.9999       14.3151 
            0             0             0      0.999997   3.96636e-06    0.00245057      -7.03583 
            0             0             0   3.96636e-06      0.999995   -0.00323708         9.294 
            0             0             0   -0.00245057    0.00323708      0.999992     -0.556831 
            0             0             0             0             0             0             1 

       HelixEquation::read_vector()
         x0  = (1798.562313, -2375.814977, 5471.029679, -0.076607, 0.006831, 0.997038, -0.000347)
         r0  = (1798.562313, -2375.814977, 5471.029679)
         u0  = (-0.076607, 0.006831, 0.997038)
         qop0 = -0.000347338
         p0  = 2879.04
         q   = -1
  --------------------------------
  HelixMsNoiser::QMatrix  computing ms :  X0 = 19.7522, length = -50, p = 2879.04, run = 2
  Qx matrix: 
     0.140405   5.66315e-05     0.0106145   -0.00280835  -7.90883e-07  -0.000208851             0 
  5.66315e-05    2.2842e-08   4.28132e-06  -1.13273e-06  -3.18999e-10  -8.42391e-08             0 
    0.0106145   4.28132e-06   0.000802453   -0.00021231  -5.97904e-08  -1.57891e-05             0 
  -0.00280835  -1.13273e-06   -0.00021231   5.61722e-05   1.58191e-08   4.17741e-06             0 
 -7.90883e-07  -3.18999e-10  -5.97904e-08   1.58191e-08   4.45495e-12   1.17644e-09             0 
 -0.000208851  -8.42391e-08  -1.57891e-05   4.17741e-06   1.17644e-09   3.10666e-07             0 
            0             0             0             0             0             0             0 

  Qy matrix: 
   3.7424e-08   7.24819e-05  -3.76428e-07  -7.40213e-10  -1.44965e-06   5.18316e-09             0 
  7.24819e-05      0.140381  -0.000729057  -1.43363e-06   -0.00280764   1.00386e-05             0 
 -3.76428e-07  -0.000729057   3.78629e-06   7.44541e-09   1.45812e-05  -5.21347e-08             0 
 -7.40213e-10  -1.43363e-06   7.44541e-09   1.46407e-11   2.86727e-08  -1.02518e-10             0 
 -1.44965e-06   -0.00280764   1.45812e-05   2.86727e-08   5.61533e-05  -2.00774e-07             0 
  5.18316e-09   1.00386e-05  -5.21347e-08  -1.02518e-10  -2.00774e-07   7.17859e-10             0 
            0             0             0             0             0             0             0 

  Q  matrix: 
     0.140405   0.000129113     0.0106142   -0.00280835  -2.24053e-06  -0.000208846             0 
  0.000129113      0.140381  -0.000724775  -2.56636e-06   -0.00280765   9.95438e-06             0 
    0.0106142  -0.000724775    0.00080624  -0.000212303   1.45215e-05  -1.58412e-05             0 
  -0.00280835  -2.56636e-06  -0.000212303   5.61723e-05   4.44919e-08   4.17731e-06             0 
 -2.24053e-06   -0.00280765   1.45215e-05   4.44919e-08   5.61533e-05  -1.99598e-07             0 
 -0.000208846   9.95438e-06  -1.58412e-05   4.17731e-06  -1.99598e-07   3.11383e-07             0 
            0             0             0             0             0             0             0 

  --------------------------------
    initial cov
      284.823      -5.01636       26.8568       -0.5346     0.0302746    -0.0412833   0.000368046 
     -5.01636        289.25      -8.32902     0.0292669     -0.553317    0.00603981  -0.000484313 
      26.8568      -8.32902       2.84363    -0.0494973     0.0156078   -0.00391005   2.18958e-05 
      -0.5346     0.0292669    -0.0494973    0.00126601   -0.00014362   9.82577e-05   -1.6435e-06 
    0.0302746     -0.553317     0.0156078   -0.00014362    0.00135041  -2.02874e-05   2.18402e-06 
   -0.0412833    0.00603981   -0.00391005   9.82577e-05  -2.02874e-05   7.68861e-06  -1.41242e-07 
  0.000368046  -0.000484313   2.18958e-05   -1.6435e-06   2.18402e-06  -1.41242e-07   2.41077e-08 

    propagated cov
      341.753      -8.56642       31.6242     -0.604313     0.0422095    -0.0450946    0.00045447 
     -8.56642       348.377      -9.42595     0.0410651     -0.629742     0.0053295  -0.000599126 
      31.6242      -9.42595       3.24615    -0.0547713     0.0168332   -0.00413411   2.90256e-05 
    -0.604313     0.0410651    -0.0547713    0.00134698  -0.000176155    0.00010081  -1.81345e-06 
    0.0422095     -0.629742     0.0168332  -0.000176155    0.00144937  -1.83377e-05   2.40852e-06 
   -0.0450946     0.0053295   -0.00413411    0.00010081  -1.83377e-05    7.5634e-06  -1.43568e-07 
   0.00045447  -0.000599126   2.90256e-05  -1.81345e-06   2.40852e-06  -1.43568e-07   2.41077e-08 

    propagated cov (validated)
      341.753      -8.56642       31.6242     -0.604313     0.0422095    -0.0450946    0.00045447 
     -8.56642       348.377      -9.42595     0.0410651     -0.629742     0.0053295  -0.000599126 
      31.6242      -9.42595       3.24615    -0.0547713     0.0168332   -0.00413411   2.90256e-05 
    -0.604313     0.0410651    -0.0547713    0.00134698  -0.000176155    0.00010081  -1.81345e-06 
    0.0422095     -0.629742     0.0168332  -0.000176155    0.00144937  -1.83377e-05   2.40852e-06 
   -0.0450946     0.0053295   -0.00413411    0.00010081  -1.83377e-05    7.5634e-06  -1.43568e-07 
   0.00045447  -0.000599126   2.90256e-05  -1.81345e-06   2.40852e-06  -1.43568e-07   2.41077e-08 

    ParticleElossCorrection::correct_state().       PID =   l = -50, p0 = 2879.04, p  = 2914.74, de_dx = -0.71359, dp_dx = -0.71407, dp = 35.7035
    propagated state = 
---------- State (begin) -----------

  name: particle/helix
  names: 
   representation = default
   fit_representation = slopes_curv:z
  parameter: -50

  hv:    rep = 
      1802.33
     -2376.08
      5421.17
   -0.0741637
   0.00360346
      0.99724
 -0.000343083

      341.753      -8.56642       31.6242     -0.604313     0.0422095    -0.0450946    0.00045447 
     -8.56642       348.377      -9.42595     0.0410651     -0.629742     0.0053295  -0.000599126 
      31.6242      -9.42595       3.24615    -0.0547713     0.0168332   -0.00413411   2.90256e-05 
    -0.604313     0.0410651    -0.0547713    0.00134698  -0.000176155    0.00010081  -1.81345e-06 
    0.0422095     -0.629742     0.0168332  -0.000176155    0.00144937  -1.83377e-05   2.40852e-06 
   -0.0450946     0.0053295   -0.00413411    0.00010081  -1.83377e-05    7.5634e-06  -1.43568e-07 
